111000100000000000000000000000001110,
111011000100000000100000000000000000,
000100100000000000000000000000000101,
111001000000010001010000000000000000,
111000000000000111110000000000001000,
111010000000000000100010100000010001,
110000100000000000000000000000001001,
111000000000101001010001000000010001,
111000100000000000000000000000000001,
111000000000010000100010100000010001,
111001000011101001010000000000000000,
111001000000101000100000000000000000,
111001000000010111010000000000000000,
111000100000000000000000000000000001,
111001000000001000000000000000000001,
111001110000001000010000000000010100,
111001000000010000000101010001100000,
111001000000101000000000000000000101,
111001110000101001010000000000010000,
111001100100101001010010011001011100,
111000110100001000011111111111111011,
111001000000001000011111111111111011,
111000110111111000010000000000000001,
111000100100000000000000000000000001,
111000110011111000010000000000000001,
111000110000001000010000000000000000,
111000000000010000000000000001001000,
111000000000010000000000000001000100,
111000000000010000000000000001000010,
111000000000010000000000000001000001,
111000000000000000000000000000100000;
